Assignment example
2 3
0 30 1 30 2 10
0 60 1 15 2 10

Adams, Balas, and Zawack 10x10 instance (Table 1, instance 5)
10 10
4 88 8 68 6 94 5 99 1 67 2 89 9 77 7 99 0 86 3 92
5 72 3 50 6 69 4 75 2 94 8 66 0 92 1 82 7 94 9 63
9 83 8 61 0 83 1 65 6 64 5 85 7 78 4 85 2 55 3 77
7 94 2 68 1 61 4 99 3 54 6 75 5 66 0 76 9 63 8 67
3 69 4 88 9 82 8 95 0 99 2 67 6 95 5 68 7 67 1 86
1 99 4 81 5 64 6 66 8 80 2 80 7 69 9 62 3 79 0 88
7 50 1 86 4 97 3 96 0 95 8 97 2 66 5 99 6 52 9 71
4 98 6 73 3 82 2 51 1 71 5 94 7 85 0 62 8 95 9 79
0 94 6 71 3 81 7 85 1 66 2 90 4 76 5 58 8 93 9 97
3 50 0 59 1 82 8 67 7 56 9 96 6 58 4 81 5 59 2 96

Adams, Balas, and Zawack 15 x 20 instance (Table 1, instance 7)
20 15
2 24  3 12  9 17  4 27  0 21  6 25  8 27  7 26  1 30  5 31 11 18 14 16 13 39 10 19 12 26
6 30  3 15 12 20 11 19  1 24 13 15 10 28  2 36  5 26  7 15  0 11  8 23 14 20  9 26  4 28
6 35  0 22 13 23  7 32  2 20  3 12 12 19 10 23  9 17  1 14  5 16 11 29  8 16  4 22 14 22
9 20  6 29  1 19  7 14 12 33  4 30  0 32  5 21 11 29 10 24 14 25  2 29  3 13  8 20 13 18
11 23 13 20  1 28  6 32  7 16  5 18  8 24  9 23  3 24 10 34  2 24  0 24 14 28 12 15  4 18
8 24 11 19 14 21  1 33  7 34  6 35  5 40 10 36  3 23  2 26  4 15  9 28 13 38 12 13  0 25
13 27  3 30  6 21  8 19 12 12  4 27  2 39  9 13 14 12  5 36 10 21 11 17  1 29  0 17  7 33
5 27  4 19  6 29  9 20  3 21 10 40  8 14 14 39 13 39  2 27  1 36 12 12 11 37  7 22  0 13
13 32 11 29  8 24  3 27  5 40  4 21  9 26  0 27 14 27  6 16  2 21 10 13  7 28 12 28  1 32
12 35  1 11  5 39 14 18  7 23  0 34  3 24 13 11  8 30 11 31  4 15 10 15  2 28  9 26  6 33
10 28  5 37 12 29  1 31  7 25  8 13 14 14  4 20  3 27  9 25 13 31 11 14  6 25  2 39  0 36
0 22 11 25  5 28 13 35  4 31  8 21  9 20 14 19  2 29  7 32 10 18  1 18  3 11 12 17  6 15
12 39  5 32  2 36  8 14  3 28 13 37  0 38  6 20  7 19 11 12 14 22  1 36  4 15  9 32 10 16
8 28  1 29 14 40 12 23  4 34  5 33  6 27 10 17  0 20  7 28 11 21  2 21 13 20  9 33  3 27
9 21 14 34  3 30 12 38  0 11 11 16  2 14  5 14  1 34  8 33  4 23 13 40 10 12  6 23  7 27
9 13 14 40  7 36  4 17  0 13  5 33  8 25 13 24 10 23  3 36  2 29  1 18 11 13  6 33 12 13
3 25  5 15  2 28 12 40  7 39  1 31  8 35  6 31 11 36  4 12 10 33 14 19  9 16 13 27  0 21
12 22 10 14  0 12  2 20  5 12  1 18 11 17  8 39 14 31  3 31  7 32  9 20 13 29  4 13  6 26
5 18 10 30  7 38 14 22 13 15 11 20  9 16  3 17  1 12  2 13 12 40  6 17  8 30  4 38  0 13
9 31  8 39 12 27  1 14  5 33  3 31 11 22 13 36  0 16  7 11 14 14  4 29  6 28  2 22 10 17

Lawrence 20x5 instance (Table 5, instance 3); also called (seth3) or (H3)
20 5
3 60 0 87 1 72 4 95 2 66
1 54 0 48 2 39 3 35 4  5
3 20 1 46 0 97 2 21 4 55
2 37 0 59 3 19 1 34 4 46
2 73 3 25 1 24 0 28 4 23
1 78 3 28 2 83 0 45 4  5
3 71 1 37 2 12 4 29 0 53
4 12 3 33 1 55 2 87 0 38
0 48 1 40 2 49 3 83 4  7
0 90 4 27 2 65 3 17 1 23
0 62 3 85 1 66 2 84 4 19
3 59 2 46 4 13 1 64 0 25
2 53 1 73 3 80 4 88 0 41
2 57 4 47 0 14 1 67 3 74
2 41 4 64 3 84 1 78 0 84
4 52 3 28 2 26 0 63 1 46
1 11 0 64 3 10 4 73 2 17
4 38 3 95 0 85 1 97 2 67
3 93 1 65 2 95 0 59 4 46
0 60 1 85 2 43 4 85 3 32


Fisher and Thompson 6x6 instance, alternate name (mt06)
6 6
2  1  0  3  1  6  3  7  5  3  4  6
1  8  2  5  4 10  5 10  0 10  3  4
2  5  3  4  5  8  0  9  1  1  4  7
1  5  0  5  2  5  3  3  4  8  5  9
2  9  1  3  4  5  5  4  0  3  3  1
1  3  3  3  5  9  0 10  4  4  2  1

Storer, Wu, and Vaccari hard 50x10 instance (Table 2, instance 13)
50 10
4  68  1  39  2  79  0  72  3  65  5  82  7  33  6  82  8  66  9  55
2  14  3  45  0  18  4  72  1  27  7  57  6  90  8  19  9  19  5  50
4  25  1  77  0  64  3  18  2  19  8  27  6  97  9  81  7  65  5  11
3  70  0  29  2  31  1  39  4  62  8  12  9   2  5  91  7  98  6  91
2  90  4  51  3  38  1  27  0  29  6  67  8  95  9  60  7  86  5  64
4  90  0  55  3  69  1  76  2  97  7  94  5  57  8  65  9  80  6  24
1  23  4  13  0  90  3  24  2  41  8  69  7   8  5  81  6  94  9  76
3  19  1  37  0  16  4   4  2  68  6  45  8  79  9   4  7  30  5  33
2  36  0  76  3  97  4  71  1  19  9  87  6  97  8  64  5  84  7  43
2  20  1  77  0  71  3  73  4  47  7  88  5 100  9  16  8  69  6  77
3  55  4  96  0   8  2  61  1  40  8  46  7  29  9  71  5  89  6  59
2  21  0  18  3  37  4  97  1  59  7  79  6   2  5  80  8  85  9  59
4  19  1  83  2   1  0  95  3  48  9  37  7  59  5  56  8  57  6  81
0   8  1  60  4  91  3  85  2  27  9  39  5  31  6  62  7  94  8  12
4   2  3  10  0  17  1  38  2  96  6  21  9  81  8  64  5  76  7  46
2  46  1   4  4  25  3  41  0  11  5  96  9  56  6  10  7  25  8  32
0  21  1  77  4  22  2  72  3  53  9  28  7  23  5   2  8  52  6  83
3   9  4  37  0   2  2  74  1  15  8  26  5  83  6  90  7  51  9  80
3   6  1   7  0  57  2   4  4  56  7  11  5  57  8  12  6  94  9  29
1  40  2  93  3  65  4  66  0  96  9   5  7  32  8  85  5  93  6  94
1  38  2  19  4  22  0  73  3   7  5  63  8  28  6  23  9  11  7  84
1  96  4  10  0  29  3  59  2  94  5  26  7  22  8  52  6  37  9  50
1  38  3  31  2  76  0   8  4   8  6  50  5  95  8   5  9  25  7  62
0  15  2  84  4 100  3  76  1  66  7  56  5  95  8  94  6  56  9  85
3  73  2  38  1  84  0  42  4  37  5  16  7  24  9  59  6  60  8  23
3  43  1  79  0  80  2  44  4  65  5  81  7   7  8  93  6  55  9  34
2   8  4   2  0  12  3  55  1  60  9  91  6   6  5  83  8  31  7  91
0   8  4  46  3  47  2  57  1  47  9  55  8  74  7  98  6  54  5  51
2  56  4  90  1  41  0  35  3  62  7   4  5  15  9  89  6  73  8  66
0   2  4  39  3  44  1  68  2  54  7   7  8  76  9  29  5  90  6  53
2  34  0  94  3   1  1  23  4  45  8  83  7  84  5  49  6  67  9  49
4   4  2  70  1  19  0  19  3  92  5  70  7  33  9  50  8  82  6  48
4  64  2  76  0  70  3  83  1  91  7  98  8  37  5   3  9  75  6  92
3  96  1  17  0  20  4  13  2  28  7  21  9  65  5  87  6  54  8  98
0  68  4  40  3  98  2  90  1  38  7  45  8  21  5   9  9   3  6  47
0  58  4  19  2  16  3  74  1  32  9  32  5  58  6  93  7   1  8  80
0  32  2  99  1  95  3   2  4   8  9  55  6  32  8  26  5   6  7  68
3   7  4  45  2  19  0  97  1  56  7  22  9  72  8  98  5  59  6  20
2  97  4  98  3  43  0  28  1  23  5   3  8  75  9  43  7  58  6  71
3  31  0  88  2  88  1  82  4  65  5  53  9  15  7  68  6  60  8  99
4   4  0 100  2  95  1  11  3  28  5  80  7  25  9  87  6  25  8   9
0  75  3  10  4  59  2  80  1  60  5  75  8  87  6  33  9  10  7  31
0  54  3   6  4   7  1  72  2  49  7  72  8  64  6  32  9  86  5  69
4  15  3  19  1  18  0  84  2  96  9  71  8  64  6  38  5  58  7  62
1  32  4  80  2  83  3  83  0  50  5  81  7  82  9  33  8  10  6  55
0  65  4  95  3  84  2  64  1  18  9  27  6  70  7  74  5  87  8  68
1  50  2  49  0  96  3   1  4  89  8  42  5  88  9  91  6  64  7   3
3  44  0  91  1   5  2 100  4  77  6  20  5  13  7  25  9  71  8  71
0  86  4  91  1  19  2  69  3  71  5  13  8  87  6  98  9  43  7  13
4   8  0  60  3  31  2  93  1   8  9   1  7  19  6   8  5  85  8  24

Yamada and Nakano 20x20 instance (Table 4, instance 3)
20	20
13	47	16	21	17	27		8	46		1	27	14	39	19	24		4	34		7	27		3	36		6	11		5	32		0	13		9	40		2	40	15	20	18	45	10	23	12	36	11	31
1	40	11	20	12	27		6	32	16	26	13	36	10	37		7	26		3	22		4	44	18	18		2	11	17	15		9	27	15	39		5	25		8	16	14	13		0	49	19	25
9	40		8	11	14	47		2	35	13	41		7	37		1	37	18	28		6	42		3	23	10	41		5	33	17	25		0	19	19	15	16	42	12	37	11	34		4	10	15	41
2	28		4	18	11	42		5	26	13	27		6	24	12	41		0	25		1	27		7	40	17	40	14	49	10	33		3	30	15	34	16	17		8	49		9	21	18	35	19	42
7	26		9	27		4	25		3	42	19	28	15	22	17	34		0	15		6	46		1	34	12	47		2	16	16	34	10	31	14	24		5	43	13	45	11	47		8	18	18	15
4	30		8	48		1	46	15	13		9	20		7	31	14	20		2	20	16	34	19	38	18	12	17	11	11	47		5	19		0	35	13	17	10	23	12	11		3	22		6	11
3	27		2	11		5	17		0	43		1	25	15	24	18	36		8	12		9	21	13	44	10	17	17	41	16	34	11	14	12	45		7	45	14	27		6	47		4	47	19	11
5	27		4	41	17	44	16	16	11	42	10	29		3	23		2	15		0	22	13	28		7	16	14	39		9	21	12	15	18	32	15	36		1	29		8	18		6	39	19	33
4	44	19	38	11	24	17	21	13	34	15	11	10	16		8	43	16	41		7	45		3	37		9	10		6	36	18	31		2	17	14	28	12	43		0	22		1	25		5	15
7	40	15	23		4	37		2	12		8	28	12	19	10	30	17	40	13	20	18	11		5	23	16	46		3	40		1	37	14	17		0	16	11	31		6	15		9	10	19	22
5	10		1	37	15	22		2	28		6	10		9	21	19	38	16	35		7	34		0	13	14	33	11	16		4	26		3	20	17	10	18	37	13	21		8	31	10	27	12	23
16	32		6	32		7	20		1	14		0	11	19	27		3	21	18	32	10	33	13	13	17	36		8	25		4	32		5	41	15	44		2	32	14	12		9	32	12	10	11	28
7	28		9	33	11	35	17	44		4	43	16	35	12	31		2	14		6	48		8	40	15	28		0	31		3	22		5	30	13	27	10	24	18	47	14	38		1	46	19	22
12	33		6	33	14	38		9	15	10	16	13	24		1	30		8	18		7	46		2	30	17	37	11	24		5	13		3	14	18	11	16	38		0	31		4	24	19	42	15	30
10	15	16	12		6	43	18	27		0	24		9	20		3	41		2	22	12	41	11	30		5	26		4	24		7	45	13	46	14	22	15	11		8	20		1	42	19	11	17	49
4	14	19	30	17	15		7	17		8	34		2	48		3	45	14	16	12	23	16	29	13	28		6	28	18	24	10	21		5	37		1	38	11	31		0	29		9	42	15	22
15	41	17	19		5	37		7	36		8	47	12	49	11	29		6	18		9	33	10	30		0	49	16	37		3	11		2	46	14	36	18	35	13	45		1	31		4	33	19	18
9	42		4	11	15	28	18	48		6	22		8	15		1	37	11	36		3	26	19	21		2	48	16	17	12	30	10	27	13	35	17	20		0	18		7	14	14	20		5	41
19	35	17	19	16	20	15	36		1	15		3	46		4	13		8	42	18	19		5	37		2	10	13	44	10	30	11	20	14	42		6	35		0	26		9	29		7	21	12	42
17	33		3	11		7	42	16	45		9	29		0	27		5	15	13	37		2	32	11	25	14	21		8	49	19	34		1	31	15	35		6	32		4	20	18	30	10	24	12	29
